3, 4, 5
5, 12, 13
8, 15, 17
7, 24, 25
20, 21, 29
12, 35, 37
9, 40, 41
28, 45, 53
11, 60, 61
48, 55, 73
36, 77, 85
13, 84, 85
39, 80, 89
65, 72, 97
20, 99, 101
60, 91, 109
15, 112, 113
88, 105, 137
24, 143, 145
17, 144, 145
51, 140, 149
85, 132, 157
119, 120, 169
52, 165, 173
19, 180, 181
95, 168, 193
28, 195, 197
133, 156, 205
84, 187, 205
140, 171, 221
21, 220, 221
60, 221, 229

105, 208, 233
120, 209, 241
32, 255, 257
96, 247, 265
23, 264, 265
69, 260, 269
115, 252, 277
160, 231, 281
161, 240, 289
68, 285, 293
25, 312, 313
75, 308, 317
204, 253, 325
36, 323, 325
175, 288, 337
180, 299, 349
225, 272, 353
252, 275, 373
152, 345, 377
135, 352, 377
189, 340, 389
228, 325, 397
40, 399, 401
120, 391, 409
29, 420, 421
145, 408, 433
203, 396, 445
84, 437, 445
280, 351, 449
168, 425, 457
261, 380, 461
319, 360, 481
31, 480, 481
155, 468, 493
132, 475, 493
336, 377, 505
217, 456, 505
220, 459, 509
279, 440, 521
308, 435, 533
92, 525, 533
341, 420, 541
165, 532, 557
396, 403, 565
276, 493, 565
231, 520, 569
48, 575, 577
368, 465, 593
240, 551, 601
35, 612, 613
105, 608, 617
336, 527, 625
429, 460, 629
100, 621, 629
200, 609, 641
315, 572, 653
300, 589, 661
385, 552, 673
52, 675, 677
156, 667, 685
37, 684, 685
400, 561, 689
111, 680, 689
455, 528, 697
185, 672, 697
260, 651, 701
259, 660, 709
108, 725, 733
407, 624, 745
216, 713, 745
468, 595, 757
39, 760, 761
481, 600, 769
195, 748, 773
555, 572, 797
280, 759, 809
429, 700, 821
540, 629, 829
41, 840, 841
205, 828, 853
232, 825, 857
504, 703, 865
287, 816, 865
348, 805, 877
369, 800, 881
451, 780, 901
60, 899, 901
533, 756, 925
43, 924, 925
129, 920, 929
215, 912, 937
580, 741, 941
420, 851, 949
301, 900, 949
615, 728, 953
248, 945, 977
696, 697, 985
473, 864, 985
372, 925, 997
559, 840, 1009
45, 1012, 1013
660, 779, 1021
192, 1015, 1033
645, 812, 1037
315, 988, 1037
320, 999, 1049
620, 861, 1061
731, 780, 1069
495, 952, 1073
448, 975, 1073
132, 1085, 1093
585, 928, 1097
744, 817, 1105
576, 943, 1105
264, 1073, 1105
47, 1104, 1105
141, 1100, 1109
235, 1092, 1117
329, 1080, 1129
528, 1025, 1153
765, 868, 1157
68, 1155, 1157
517, 1044, 1165
204, 1147, 1165
340, 1131, 1181
660, 989, 1189
611, 1020, 1189
832, 855, 1193
49, 1200, 1201
245, 1188, 1213
705, 992, 1217
140, 1221, 1229
612, 1075, 1237
441, 1160, 1241
280, 1209, 1241
799, 960, 1249
539, 1140, 1261
420, 1189, 1261
748, 1035, 1277
893, 924, 1285
637, 1116, 1285
560, 1161, 1289
72, 1295, 1297
51, 1300, 1301
735, 1088, 1313
255, 1288, 1313
360, 1271, 1321
833, 1056, 1345
504, 1247, 1345
561, 1240, 1361
840, 1081, 1369
148, 1365, 1373
931, 1020, 1381
444, 1333, 1405
53, 1404, 1405
159, 1400, 1409
371, 1380, 1429
592, 1305, 1433
228, 1435, 1453
936, 1127, 1465
583, 1344, 1465
740, 1269, 1469
380, 1419, 1469
969, 1120, 1481
689, 1320, 1489
532, 1395, 1493
888, 1225, 1513
55, 1512, 1513
795, 1292, 1517
165, 1508, 1517
684, 1363, 1525
156, 1517, 1525
385, 1488, 1537
312, 1505, 1537
901, 1260, 1549
495, 1472, 1553
1007, 1224, 1585
624, 1457, 1585
715, 1428, 1597
80, 1599, 1601
240, 1591, 1609
988, 1275, 1613
780, 1421, 1621
285, 1612, 1637
560, 1551, 1649
399, 1600, 1649
935, 1368, 1657
1140, 1219, 1669
720, 1519, 1681
1045, 1332, 1693
328, 1665, 1697
741, 1540, 1709
1092, 1325, 1717
492, 1645, 1717
880, 1479, 1721
1155, 1292, 1733
59, 1740, 1741
295, 1728, 1753
413, 1716, 1765
84, 1763, 1765
1040, 1431, 1769
969, 1480, 1769
1248, 1265, 1777
820, 1581, 1781
531, 1700, 1781
420, 1739, 1789
649, 1680, 1801
984, 1537, 1825
767, 1656, 1825
885, 1628, 1853
172, 1845, 1853
61, 1860, 1861
305, 1848, 1873
1148, 1485, 1877
1003, 1596, 1885
924, 1643, 1885
516, 1813, 1885
427, 1836, 1885
1311, 1360, 1889
549, 1820, 1901
688, 1785, 1913
1121, 1560, 1921
671, 1800, 1921
1092, 1595, 1933
1312, 1425, 1937
88, 1935, 1937
793, 1776, 1945
264, 1927, 1945
860, 1749, 1949
1239, 1520, 1961
440, 1911, 1961
915, 1748, 1973
1032, 1705, 1993
315, 1972, 1997
1357, 1476, 2005
1037, 1716, 2005
792, 1855, 2017
180, 2021, 2029
1159, 1680, 2041
360, 2009, 2041
1428, 1475, 2053
819, 1900, 2069
1281, 1640, 2081
720, 1961, 2089
65, 2112, 2113
195, 2108, 2117
92, 2115, 2117
1403, 1596, 2125
276, 2107, 2125
1071, 1840, 2129
455, 2088, 2137
460, 2091, 2141
585, 2072, 2153
1320, 1711, 2161
1525, 1548, 2173
715, 2052, 2173
188, 2205, 2213
1260, 1829, 2221
1012, 1995, 2237
564, 2173, 2245
67, 2244, 2245
1449, 1720, 2249
201, 2240, 2249
1105, 1968, 2257
335, 2232, 2257
469, 2220, 2269
752, 2145, 2273
1440, 1769, 2281
1235, 1932, 2293
1575, 1672, 2297
737, 2184, 2305
96, 2303, 2305
940, 2109, 2309
871, 2160, 2329
480, 2279, 2329
1365, 1892, 2333
1380, 1891, 2341
1005, 2132, 2357
1495, 1848, 2377
69, 2380, 2381
1139, 2100, 2389
345, 2368, 2393
392, 2385, 2417
1273, 2064, 2425
1056, 2183, 2425
588, 2365, 2437
759, 2320, 2441
1248, 2135, 2473
1748, 1755, 2477
980, 2301, 2501
100, 2499, 2501
1541, 1980, 2509
300, 2491, 2509
71, 2520, 2521
1692, 1885, 2533
355, 2508, 2533
1176, 2257, 2545
497, 2496, 2545
700, 2451, 2549
1675, 1932, 2557
1311, 2200, 2561
639, 2480, 2561
900, 2419, 2581
781, 2460, 2581
1632, 2015, 2593
923, 2436, 2605
204, 2597, 2605
1809, 1880, 2609
408, 2585, 2617
1100, 2379, 2621
1065, 2408, 2633
1568, 2145, 2657
1824, 1943, 2665
1207, 2376, 2665
816, 2537, 2665
73, 2664, 2665
1300, 2331, 2669
219, 2660, 2669
365, 2652, 2677
511, 2640, 2689
1725, 2068, 2693
1349, 2340, 2701
1020, 2501, 2701
312, 2695, 2713
1764, 2077, 2725
803, 2604, 2725
520, 2679, 2729
1491, 2300, 2741
949, 2580, 2749
728, 2655, 2753
1095, 2552, 2777
1633, 2256, 2785
936, 2623, 2785
1700, 2211, 2789
1428, 2405, 2797
1960, 2001, 2801
1241, 2520, 2809
212, 2805, 2813
75, 2812, 2813
1775, 2208, 2833
525, 2788, 2837
1387, 2484, 2845
636, 2773, 2845
1632, 2345, 2857
1900, 2139, 2861
975, 2728, 2897
1060, 2709, 2909
108, 2915, 2917
1679, 2400, 2929
1560, 2479, 2929
2059, 2100, 2941
540, 2891, 2941
1272, 2665, 2953
1275, 2668, 2957
756, 2867, 2965
77, 2964, 2965
231, 2960, 2969
1768, 2415, 2993
1425, 2632, 2993
2040, 2201, 3001
1971, 2300, 3029
220, 3021, 3029
1188, 2795, 3037
440, 3009, 3041
1001, 2880, 3049
660, 2989, 3061
1725, 2548, 3077
1155, 2852, 3077
2117, 2244, 3085
1404, 2747, 3085
880, 2961, 3089
1309, 2820, 3109
79, 3120, 3121
112, 3135, 3137
2184, 2263, 3145
1463, 2784, 3145
553, 3096, 3145
336, 3127, 3145
711, 3080, 3161
560, 3111, 3161
1320, 2881, 3169
869, 3060, 3181
1836, 2627, 3205
1027, 3036, 3205
2120, 2409, 3209
1008, 3055, 3217
1540, 2829, 3221
1771, 2700, 3229
2175, 2392, 3233
1185, 3008, 3233
228, 3245, 3253
1232, 3015, 3257
1343, 2976, 3265
456, 3233, 3265
2052, 2555, 3277
1925, 2652, 3277
1760, 2769, 3281
81, 3280, 3281
2325, 2332, 3293
405, 3268, 3293
1501, 2940, 3301
912, 3185, 3313
2079, 2600, 3329
1659, 2900, 3341
891, 3220, 3341
1980, 2701, 3349
1140, 3149, 3349
1680, 2911, 3361
348, 3355, 3373
2233, 2544, 3385
1817, 2856, 3385
580, 3339, 3389
812, 3315, 3413
1975, 2808, 3433
2387, 2484, 3445
1596, 3053, 3445
1044, 3283, 3445
83, 3444, 3445
249, 3440, 3449
415, 3432, 3457
1539, 3100, 3461
581, 3420, 3469
2128, 2775, 3497
472, 3465, 3497
1824, 2993, 3505
913, 3384, 3505
708, 3445, 3517
1079, 3360, 3529
1508, 3195, 3533
2291, 2700, 3541
1245, 3332, 3557
1180, 3381, 3581
1740, 3139, 3589
1411, 3300, 3589
2025, 2968, 3593
2449, 2640, 3601
120, 3599, 3601
85, 3612, 3613
255, 3608, 3617
1577, 3264, 3625
1416, 3337, 3625
595, 3588, 3637
2280, 2849, 3649
840, 3551, 3649
1972, 3075, 3653
765, 3572, 3653
935, 3552, 3673
1652, 3285, 3677
1105, 3528, 3697
2349, 2860, 3701
1909, 3180, 3709
1320, 3479, 3721
2508, 2765, 3733
1888, 3225, 3737
488, 3705, 3737
2511, 2800, 3761
1560, 3431, 3769
1615, 3432, 3793
435, 3772, 3797
2436, 2923, 3805
2124, 3157, 3805
2241, 3080, 3809
609, 3760, 3809
1220, 3621, 3821
1785, 3392, 3833
372, 3835, 3853
2407, 3024, 3865
1464, 3577, 3865
1131, 3700, 3869
620, 3819, 3869
1955, 3348, 3877
2360, 3081, 3881
2040, 3311, 3889
2668, 2835, 3893
868, 3795, 3893
1708, 3525, 3917
2573, 2964, 3925
1116, 3763, 3925
1479, 3640, 3929
